------------------------------------------------------------
./prime N=[1000...1000000] by 10x

  Primes | Time (ms) | N
  ------ | --------- | -------
     168 |  0.035858 | 1000   
    1229 |  0.341336 | 10000  
    9592 |  2.013990 | 100000 
   78498 |  7.548900 | 1000000
------------------------------------------------------------
------------------------------------------------------------
./prime-omp N=[1000...1000000] by 10x and P=[1...128] by 2x

  Primes | Time (ms) | N       | P
  ------ | --------- | ------- | ---
     168 |  0.096893 | 1000    | 1  
     168 |  0.354980 | 1000    | 2  
     168 |  0.515063 | 1000    | 4  
     168 |  0.877824 | 1000    | 8  
     168 |  1.522390 | 1000    | 16 
     168 |  8.706540 | 1000    | 32 
     168 |  4.561600 | 1000    | 64 
     168 |  6.387200 | 1000    | 128

  Primes | Time (ms) | N       | P
  ------ | --------- | ------- | ---
    1229 |  0.394861 | 10000   | 1  
    1229 |  0.325429 | 10000   | 2  
    1229 |  0.602332 | 10000   | 4  
    1229 |  0.942460 | 10000   | 8  
    1229 |  1.599100 | 10000   | 16 
    1229 |  1.989200 | 10000   | 32 
    1229 |  6.397400 | 10000   | 64 
    1229 |  9.317300 | 10000   | 128

  Primes | Time (ms) | N       | P
  ------ | --------- | ------- | ---
    9592 |  1.961850 | 100000  | 1  
    9592 |  2.150690 | 100000  | 2  
    9592 |  1.749940 | 100000  | 4  
    9592 |  1.880240 | 100000  | 8  
    9592 |  3.317210 | 100000  | 16 
    9592 |  2.523500 | 100000  | 32 
    9592 |  3.192000 | 100000  | 64 
    9592 |  6.132200 | 100000  | 128

  Primes | Time (ms) | N       | P
  ------ | --------- | ------- | ---
   78498 |  0.032600 | 1000000 | 1  
   78498 |  5.485700 | 1000000 | 2  
   78498 |  0.871900 | 1000000 | 4  
   78498 |  8.314790 | 1000000 | 8  
   78498 |  6.361020 | 1000000 | 16 
   78498 |  3.786000 | 1000000 | 32 
   78498 |  8.266200 | 1000000 | 64 
   78498 |  9.461000 | 1000000 | 128
------------------------------------------------------------
------------------------------------------------------------
./prime-omp2 N=[1000...1000000] by 10x and P=[1...128] by 2x

  Primes | Time (ms) | N       | P
  ------ | --------- | ------- | ---
     168 |  0.082937 | 1000    | 1  
     168 |  0.255823 | 1000    | 2  
     168 |  9.615300 | 1000    | 4  
     168 |  6.958500 | 1000    | 8  
     168 |  1.555700 | 1000    | 16 
     168 |  1.927000 | 1000    | 32 
     168 |  6.375800 | 1000    | 64 
     168 |  7.369840 | 1000    | 128

  Primes | Time (ms) | N       | P
  ------ | --------- | ------- | ---
    1229 |  0.256871 | 10000   | 1  
    1229 |  0.378399 | 10000   | 2  
    1229 |  0.700903 | 10000   | 4  
    1229 |  5.849060 | 10000   | 8  
    1229 |  0.276100 | 10000   | 16 
    1229 |  2.396510 | 10000   | 32 
    1229 |  6.172310 | 10000   | 64 
    1229 |  7.411090 | 10000   | 128

  Primes | Time (ms) | N       | P
  ------ | --------- | ------- | ---
    9592 |  2.043730 | 100000  | 1  
    9592 |  2.517910 | 100000  | 2  
    9592 |  2.138340 | 100000  | 4  
    9592 |  2.704430 | 100000  | 8  
    9592 |  2.544300 | 100000  | 16 
    9592 |  5.563740 | 100000  | 32 
    9592 |  7.137130 | 100000  | 64 
    9592 |  2.588900 | 100000  | 128

  Primes | Time (ms) | N       | P
  ------ | --------- | ------- | ---
   78498 |  0.293900 | 1000000 | 1  
   78498 |  6.025100 | 1000000 | 2  
   78498 |  7.113300 | 1000000 | 4  
   78498 |  7.181800 | 1000000 | 8  
   78498 |  6.376600 | 1000000 | 16 
   78498 |  0.209300 | 1000000 | 32 
   78498 |  2.539800 | 1000000 | 64 
   78498 |  0.622100 | 1000000 | 128
------------------------------------------------------------
------------------------------------------------------------
./prime-par1 N=[1000...1000000] by 10x and P=[1...128] by 2x

  Primes | Time (ms) | N       | P
  ------ | --------- | ------- | ---
     168 |  0.541568 | 1000    | 1  
     168 |  0.514757 | 1000    | 2  
     168 |  0.777342 | 1000    | 4  
     168 |  0.957490 | 1000    | 8  
     168 |  1.490510 | 1000    | 16 
     168 |  3.467770 | 1000    | 32 
     168 |  6.654820 | 1000    | 64 
     168 |  1.323600 | 1000    | 128

  Primes | Time (ms) | N       | P
  ------ | --------- | ------- | ---
    1229 |  0.867899 | 10000   | 1  
    1229 |  0.924203 | 10000   | 2  
    1229 |  0.804982 | 10000   | 4  
    1229 |  1.488950 | 10000   | 8  
    1229 |  2.210110 | 10000   | 16 
    1229 |  3.659880 | 10000   | 32 
    1229 |  4.412310 | 10000   | 64 
    1229 |  1.996500 | 10000   | 128

  Primes | Time (ms) | N       | P
  ------ | --------- | ------- | ---
    9592 |  3.654160 | 100000  | 1  
    9592 |  4.000770 | 100000  | 2  
    9592 |  3.213140 | 100000  | 4  
    9592 |  3.948610 | 100000  | 8  
    9592 |  3.693890 | 100000  | 16 
    9592 |  4.141380 | 100000  | 32 
    9592 |  7.425440 | 100000  | 64 
    9592 |  0.300000 | 100000  | 128

  Primes | Time (ms) | N       | P
  ------ | --------- | ------- | ---
   78498 |  3.464500 | 1000000 | 1  
   78498 |  2.980300 | 1000000 | 2  
   78498 |  1.326700 | 1000000 | 4  
   78498 |  8.939600 | 1000000 | 8  
   78498 |  1.775400 | 1000000 | 16 
   78498 |  2.227200 | 1000000 | 32 
   78498 |  0.681800 | 1000000 | 64 
   78498 |  2.393500 | 1000000 | 128
------------------------------------------------------------
------------------------------------------------------------
./prime-par2 N=[1000...1000000] by 10x and P=[1...128] by 2x

  Primes | Time (ms) | N       | P
  ------ | --------- | ------- | ---
     168 |  0.499848 | 1000    | 1  
     168 |  0.675280 | 1000    | 2  
     168 |  2.202540 | 1000    | 4  
     168 |  3.714300 | 1000    | 8  
     168 |  2.227250 | 1000    | 16 
     168 |  0.093300 | 1000    | 32 
     168 |  5.056400 | 1000    | 64 
     168 |  9.117900 | 1000    | 128

  Primes | Time (ms) | N       | P
  ------ | --------- | ------- | ---
    1229 |  0.908910 | 10000   | 1  
    1229 |  0.923216 | 10000   | 2  
    1229 |  0.854927 | 10000   | 4  
    1229 |  7.053690 | 10000   | 8  
    1229 |  9.971000 | 10000   | 16 
    1229 |  2.921490 | 10000   | 32 
    1229 |  1.484100 | 10000   | 64 
    1229 |  1.754700 | 10000   | 128

  Primes | Time (ms) | N       | P
  ------ | --------- | ------- | ---
    9592 |  2.649020 | 100000  | 1  
    9592 |  2.159150 | 100000  | 2  
    9592 |  2.877330 | 100000  | 4  
    9592 |  4.518890 | 100000  | 8  
    9592 |  5.769500 | 100000  | 16 
    9592 |  0.161700 | 100000  | 32 
    9592 |  5.483500 | 100000  | 64 
    9592 |  4.629000 | 100000  | 128

  Primes | Time (ms) | N       | P
  ------ | --------- | ------- | ---
   78498 |  0.166000 | 1000000 | 1  
   78498 |  8.691100 | 1000000 | 2  
   78498 |  3.768100 | 1000000 | 4  
   78498 |  5.720600 | 1000000 | 8  
   78498 |  7.447000 | 1000000 | 16 
   78498 |  4.380600 | 1000000 | 32 
   78498 |  6.390000 | 1000000 | 64 
   78498 |  9.255000 | 1000000 | 128
------------------------------------------------------------
------------------------------------------------------------
./prime-par3 N=[1000...1000000] by 10x and P=[1...128] by 2x

  Primes | Time (ms) | N       | P
  ------ | --------- | ------- | ---
     168 |  0.498732 | 1000    | 1  
     168 |  0.455103 | 1000    | 2  
     168 |  0.604591 | 1000    | 4  
     168 |  1.367350 | 1000    | 8  
     168 |  2.638360 | 1000    | 16 
     168 |  3.823790 | 1000    | 32 
     168 |  8.107500 | 1000    | 64 
     168 |  9.848710 | 1000    | 128

  Primes | Time (ms) | N       | P
  ------ | --------- | ------- | ---
    1229 |  0.639817 | 10000   | 1  
    1229 |  0.644211 | 10000   | 2  
    1229 |  0.989784 | 10000   | 4  
    1229 |  1.455610 | 10000   | 8  
    1229 |  3.053720 | 10000   | 16 
    1229 |  4.848810 | 10000   | 32 
    1229 |  8.208770 | 10000   | 64 
    1229 |  3.259400 | 10000   | 128

  Primes | Time (ms) | N       | P
  ------ | --------- | ------- | ---
    9592 |  3.218650 | 100000  | 1  
    9592 |  3.438870 | 100000  | 2  
    9592 |  3.597490 | 100000  | 4  
    9592 |  3.250260 | 100000  | 8  
    9592 |  3.862710 | 100000  | 16 
    9592 |  6.891510 | 100000  | 32 
    9592 |  8.712320 | 100000  | 64 
    9592 |  7.739000 | 100000  | 128

  Primes | Time (ms) | N       | P
  ------ | --------- | ------- | ---
   78498 |  6.388400 | 1000000 | 1  
   78498 |  0.761300 | 1000000 | 2  
   78498 |  5.832400 | 1000000 | 4  
   78498 |  5.130900 | 1000000 | 8  
   78498 |  3.561600 | 1000000 | 16 
   78498 |  8.850100 | 1000000 | 32 
   78498 |  8.339200 | 1000000 | 64 
   78498 |  9.197700 | 1000000 | 128
------------------------------------------------------------
