------------------------------------------------------------
./prime N=[1000...1000000] by 10x

  Primes | Time (ms) | N
  ------ | --------- | -------
     168 |  0.036284 | 1000   
    1229 |  0.139427 | 10000  
    9592 |  3.696010 | 100000 
   78498 |  8.033900 | 1000000
------------------------------------------------------------
------------------------------------------------------------
./prime-omp N=[1000...1000000] by 10x and P=[1...128] by 2x

  Primes | Time (ms) | N       | P
  ------ | --------- | ------- | ---
     168 |  0.104164 | 1000    | 1  
     168 |  0.383935 | 1000    | 2  
     168 |  0.643357 | 1000    | 4  
     168 |  0.689119 | 1000    | 8  
     168 |  9.182300 | 1000    | 16 
     168 |  5.870880 | 1000    | 32 
     168 |  3.225700 | 1000    | 64 
     168 |  5.895000 | 1000    | 128

  Primes | Time (ms) | N       | P
  ------ | --------- | ------- | ---
    1229 |  0.306244 | 10000   | 1  
    1229 |  0.400270 | 10000   | 2  
    1229 |  0.553943 | 10000   | 4  
    1229 |  5.005160 | 10000   | 8  
    1229 |  2.973630 | 10000   | 16 
    1229 |  1.058600 | 10000   | 32 
    1229 |  3.521800 | 10000   | 64 
    1229 |  5.445300 | 10000   | 128

  Primes | Time (ms) | N       | P
  ------ | --------- | ------- | ---
    9592 |  2.191660 | 100000  | 1  
    9592 |  1.711810 | 100000  | 2  
    9592 |  1.618380 | 100000  | 4  
    9592 |  2.189570 | 100000  | 8  
    9592 |  3.510320 | 100000  | 16 
    9592 |  2.965500 | 100000  | 32 
    9592 |  3.635400 | 100000  | 64 
    9592 |  4.509400 | 100000  | 128

  Primes | Time (ms) | N       | P
  ------ | --------- | ------- | ---
   78498 |  6.293400 | 1000000 | 1  
   78498 |  2.554000 | 1000000 | 2  
   78498 |  2.692200 | 1000000 | 4  
   78498 |  7.854070 | 1000000 | 8  
   78498 |  5.062900 | 1000000 | 16 
   78498 |  8.299500 | 1000000 | 32 
   78498 |  9.217000 | 1000000 | 64 
   78498 |  3.572000 | 1000000 | 128
------------------------------------------------------------
------------------------------------------------------------
./prime-omp2 N=[1000...1000000] by 10x and P=[1...128] by 2x

  Primes | Time (ms) | N       | P
  ------ | --------- | ------- | ---
     168 |  0.043082 | 1000    | 1  
     168 |  0.327265 | 1000    | 2  
     168 |  0.465747 | 1000    | 4  
     168 |  1.174880 | 1000    | 8  
     168 |  4.365000 | 1000    | 16 
     168 |  2.750190 | 1000    | 32 
     168 |  4.772140 | 1000    | 64 
     168 |  9.159630 | 1000    | 128

  Primes | Time (ms) | N       | P
  ------ | --------- | ------- | ---
    1229 |  0.296586 | 10000   | 1  
    1229 |  0.519785 | 10000   | 2  
    1229 |  0.697002 | 10000   | 4  
    1229 |  1.663530 | 10000   | 8  
    1229 |  8.295760 | 10000   | 16 
    1229 |  3.043370 | 10000   | 32 
    1229 |  6.443090 | 10000   | 64 
    1229 |  0.645600 | 10000   | 128

  Primes | Time (ms) | N       | P
  ------ | --------- | ------- | ---
    9592 |  2.544190 | 100000  | 1  
    9592 |  3.584690 | 100000  | 2  
    9592 |  2.697980 | 100000  | 4  
    9592 |  2.804670 | 100000  | 8  
    9592 |  3.742890 | 100000  | 16 
    9592 |  5.084160 | 100000  | 32 
    9592 |  7.328180 | 100000  | 64 
    9592 |  2.754400 | 100000  | 128

  Primes | Time (ms) | N       | P
  ------ | --------- | ------- | ---
   78498 |  0.606000 | 1000000 | 1  
   78498 |  3.251800 | 1000000 | 2  
   78498 |  8.631500 | 1000000 | 4  
   78498 |  3.506600 | 1000000 | 8  
   78498 |  9.684300 | 1000000 | 16 
   78498 |  6.880100 | 1000000 | 32 
   78498 |  9.324200 | 1000000 | 64 
   78498 |  6.092700 | 1000000 | 128
------------------------------------------------------------
------------------------------------------------------------
./prime-par1 N=[1000...1000000] by 10x and P=[1...128] by 2x

  Primes | Time (ms) | N       | P
  ------ | --------- | ------- | ---
     168 |  0.509998 | 1000    | 1  
     168 |  0.535869 | 1000    | 2  
     168 |  0.630711 | 1000    | 4  
     168 |  1.195680 | 1000    | 8  
     168 |  1.884890 | 1000    | 16 
     168 |  3.687130 | 1000    | 32 
     168 |  7.307320 | 1000    | 64 
     168 |  1.536200 | 1000    | 128

  Primes | Time (ms) | N       | P
  ------ | --------- | ------- | ---
    1229 |  0.941053 | 10000   | 1  
    1229 |  0.755318 | 10000   | 2  
    1229 |  0.987930 | 10000   | 4  
    1229 |  1.153870 | 10000   | 8  
    1229 |  1.815880 | 10000   | 16 
    1229 |  3.807880 | 10000   | 32 
    1229 |  6.039480 | 10000   | 64 
    1229 |  0.800700 | 10000   | 128

  Primes | Time (ms) | N       | P
  ------ | --------- | ------- | ---
    9592 |  4.270670 | 100000  | 1  
    9592 |  4.000860 | 100000  | 2  
    9592 |  3.697670 | 100000  | 4  
    9592 |  3.931980 | 100000  | 8  
    9592 |  4.106080 | 100000  | 16 
    9592 |  4.086140 | 100000  | 32 
    9592 |  5.656950 | 100000  | 64 
    9592 |  2.641400 | 100000  | 128

  Primes | Time (ms) | N       | P
  ------ | --------- | ------- | ---
   78498 |  3.428400 | 1000000 | 1  
   78498 |  8.735500 | 1000000 | 2  
   78498 |  0.091700 | 1000000 | 4  
   78498 |  9.979400 | 1000000 | 8  
   78498 |  1.049100 | 1000000 | 16 
   78498 |  0.825400 | 1000000 | 32 
   78498 |  0.827700 | 1000000 | 64 
   78498 |  1.529200 | 1000000 | 128
------------------------------------------------------------
------------------------------------------------------------
./prime-par2 N=[1000...1000000] by 10x and P=[1...128] by 2x

  Primes | Time (ms) | N       | P
  ------ | --------- | ------- | ---
     168 |  0.408604 | 1000    | 1  
     168 |  0.525304 | 1000    | 2  
     168 |  0.976539 | 1000    | 4  
     168 |  3.584890 | 1000    | 8  
     168 |  5.092180 | 1000    | 16 
     168 |  8.708670 | 1000    | 32 
     168 |  4.334300 | 1000    | 64 
     168 |  7.296100 | 1000    | 128

  Primes | Time (ms) | N       | P
  ------ | --------- | ------- | ---
    1229 |  0.639171 | 10000   | 1  
    1229 |  1.005200 | 10000   | 2  
    1229 |  1.017970 | 10000   | 4  
    1229 |  8.418300 | 10000   | 8  
    1229 |  2.459700 | 10000   | 16 
    1229 |  5.527100 | 10000   | 32 
    1229 |  6.918000 | 10000   | 64 
    1229 |  3.031100 | 10000   | 128

  Primes | Time (ms) | N       | P
  ------ | --------- | ------- | ---
    9592 |  2.725250 | 100000  | 1  
    9592 |  2.833840 | 100000  | 2  
    9592 |  2.965860 | 100000  | 4  
    9592 |  0.312500 | 100000  | 8  
    9592 |  2.317800 | 100000  | 16 
    9592 |  6.918700 | 100000  | 32 
    9592 |  8.794500 | 100000  | 64 
    9592 |  8.207000 | 100000  | 128

  Primes | Time (ms) | N       | P
  ------ | --------- | ------- | ---
   78498 |  0.986000 | 1000000 | 1  
   78498 |  1.783800 | 1000000 | 2  
   78498 |  8.695200 | 1000000 | 4  
   78498 |  8.643300 | 1000000 | 8  
   78498 |  1.761200 | 1000000 | 16 
   78498 |  8.680000 | 1000000 | 32 
   78498 |  0.624000 | 1000000 | 64 
   78498 |  3.424000 | 1000000 | 128
------------------------------------------------------------
------------------------------------------------------------
./prime-par3 N=[1000...1000000] by 10x and P=[1...128] by 2x

  Primes | Time (ms) | N       | P
  ------ | --------- | ------- | ---
     168 |  0.474675 | 1000    | 1  
     168 |  0.516197 | 1000    | 2  
     168 |  0.804292 | 1000    | 4  
     168 |  1.378480 | 1000    | 8  
     168 |  2.616100 | 1000    | 16 
     168 |  4.196710 | 1000    | 32 
     168 |  7.159880 | 1000    | 64 
     168 |  2.189800 | 1000    | 128

  Primes | Time (ms) | N       | P
  ------ | --------- | ------- | ---
    1229 |  0.486560 | 10000   | 1  
    1229 |  0.728777 | 10000   | 2  
    1229 |  0.859921 | 10000   | 4  
    1229 |  1.486160 | 10000   | 8  
    1229 |  2.751060 | 10000   | 16 
    1229 |  4.054970 | 10000   | 32 
    1229 |  7.875540 | 10000   | 64 
    1229 |  2.298600 | 10000   | 128

  Primes | Time (ms) | N       | P
  ------ | --------- | ------- | ---
    9592 |  3.095520 | 100000  | 1  
    9592 |  2.615140 | 100000  | 2  
    9592 |  2.997280 | 100000  | 4  
    9592 |  4.417700 | 100000  | 8  
    9592 |  4.629270 | 100000  | 16 
    9592 |  6.836430 | 100000  | 32 
    9592 |  9.989860 | 100000  | 64 
    9592 |  4.160800 | 100000  | 128

  Primes | Time (ms) | N       | P
  ------ | --------- | ------- | ---
   78498 |  5.509600 | 1000000 | 1  
   78498 |  9.696500 | 1000000 | 2  
   78498 |  0.286300 | 1000000 | 4  
   78498 |  5.628100 | 1000000 | 8  
   78498 |  6.876800 | 1000000 | 16 
   78498 |  0.142100 | 1000000 | 32 
   78498 |  1.760900 | 1000000 | 64 
   78498 |  0.090500 | 1000000 | 128
------------------------------------------------------------
